             o  ,    o  ,                                BOSTON, MASSACHUSETTS                         Astronomical Applications Dept.
Location: W071 05, N42 19                          Rise and Set for the Sun for 2017                   U. S. Naval Observatory        
                                                                                                       Washington, DC  20392-5420     
                                                         Eastern Standard Time                                                        
                                                                                                                                      
                                                                                                                                      
       Jan.       Feb.       Mar.       Apr.       May        June       July       Aug.       Sept.      Oct.       Nov.       Dec.  
Day Rise  Set  Rise  Set  Rise  Set  Rise  Set  Rise  Set  Rise  Set  Rise  Set  Rise  Set  Rise  Set  Rise  Set  Rise  Set  Rise  Set
     h m  h m   h m  h m   h m  h m   h m  h m   h m  h m   h m  h m   h m  h m   h m  h m   h m  h m   h m  h m   h m  h m   h m  h m
01  0713 1623  0658 1659  0619 1735  0526 1810  0439 1844  0410 1915  0412 1925  0437 1903  0510 1818  0542 1725  0618 1637  0654 1613
02  0714 1624  0657 1700  0618 1736  0525 1812  0438 1845  0410 1915  0412 1925  0438 1902  0511 1816  0543 1724  0619 1636  0655 1613
03  0714 1625  0655 1702  0616 1737  0523 1813  0437 1846  0409 1916  0413 1924  0439 1901  0512 1814  0544 1722  0620 1635  0656 1612
04  0714 1626  0654 1703  0614 1738  0521 1814  0435 1847  0409 1917  0413 1924  0440 1900  0513 1813  0545 1720  0622 1634  0657 1612
05  0713 1627  0653 1704  0613 1739  0520 1815  0434 1849  0409 1918  0414 1924  0441 1859  0514 1811  0546 1719  0623 1633  0658 1612
06  0713 1628  0652 1705  0611 1741  0518 1816  0433 1850  0408 1918  0415 1924  0442 1857  0515 1809  0547 1717  0624 1631  0659 1612
07  0713 1629  0651 1707  0609 1742  0516 1817  0432 1851  0408 1919  0415 1923  0443 1856  0516 1808  0548 1715  0625 1630  0700 1612
08  0713 1630  0650 1708  0608 1743  0515 1818  0431 1852  0408 1919  0416 1923  0445 1855  0517 1806  0549 1713  0627 1629  0701 1612
09  0713 1631  0648 1709  0606 1744  0513 1819  0429 1853  0408 1920  0417 1922  0446 1853  0518 1804  0551 1712  0628 1628  0702 1612
10  0713 1632  0647 1711  0604 1745  0511 1821  0428 1854  0407 1921  0417 1922  0447 1852  0519 1802  0552 1710  0629 1627  0703 1612
11  0712 1633  0646 1712  0603 1747  0510 1822  0427 1855  0407 1921  0418 1921  0448 1851  0520 1801  0553 1708  0630 1626  0703 1612
12  0712 1634  0644 1713  0601 1748  0508 1823  0426 1856  0407 1922  0419 1921  0449 1849  0521 1759  0554 1707  0632 1625  0704 1612
13  0712 1635  0643 1714  0559 1749  0506 1824  0425 1857  0407 1922  0420 1920  0450 1848  0522 1757  0555 1705  0633 1624  0705 1612
14  0711 1636  0642 1716  0558 1750  0505 1825  0424 1858  0407 1922  0420 1920  0451 1846  0523 1755  0556 1704  0634 1623  0706 1612
15  0711 1638  0640 1717  0556 1751  0503 1826  0423 1859  0407 1923  0421 1919  0452 1845  0525 1754  0557 1702  0635 1622  0707 1613
16  0710 1639  0639 1718  0554 1752  0502 1827  0422 1900  0407 1923  0422 1918  0453 1843  0526 1752  0559 1700  0637 1621  0707 1613
17  0710 1640  0638 1720  0552 1753  0500 1828  0421 1901  0407 1924  0423 1918  0454 1842  0527 1750  0600 1659  0638 1621  0708 1613
18  0709 1641  0636 1721  0551 1755  0458 1830  0420 1902  0407 1924  0424 1917  0455 1840  0528 1748  0601 1657  0639 1620  0709 1614
19  0708 1642  0635 1722  0549 1756  0457 1831  0419 1903  0407 1924  0425 1916  0456 1839  0529 1747  0602 1656  0640 1619  0709 1614
20  0708 1644  0633 1723  0547 1757  0455 1832  0418 1904  0408 1924  0426 1915  0457 1837  0530 1745  0603 1654  0641 1618  0710 1615
21  0707 1645  0632 1725  0546 1758  0454 1833  0417 1905  0408 1925  0427 1914  0458 1836  0531 1743  0605 1653  0643 1618  0710 1615
22  0706 1646  0630 1726  0544 1759  0452 1834  0417 1906  0408 1925  0427 1914  0459 1834  0532 1741  0606 1651  0644 1617  0711 1616
23  0706 1647  0629 1727  0542 1800  0451 1835  0416 1907  0408 1925  0428 1913  0500 1833  0533 1739  0607 1650  0645 1616  0711 1616
24  0705 1649  0627 1728  0540 1801  0449 1836  0415 1908  0409 1925  0429 1912  0501 1831  0534 1738  0608 1648  0646 1616  0712 1617
25  0704 1650  0626 1730  0539 1803  0448 1837  0414 1909  0409 1925  0430 1911  0502 1829  0535 1736  0609 1647  0647 1615  0712 1617
26  0703 1651  0624 1731  0537 1804  0446 1839  0414 1910  0409 1925  0431 1910  0504 1828  0536 1734  0611 1646  0649 1615  0712 1618
27  0702 1652  0622 1732  0535 1805  0445 1840  0413 1911  0410 1925  0432 1909  0505 1826  0537 1732  0612 1644  0650 1614  0713 1619
28  0701 1654  0621 1733  0533 1806  0444 1841  0412 1911  0410 1925  0433 1908  0506 1825  0538 1731  0613 1643  0651 1614  0713 1619
29  0701 1655             0532 1807  0442 1842  0412 1912  0411 1925  0434 1907  0507 1823  0540 1729  0614 1641  0652 1613  0713 1620
30  0700 1656             0530 1808  0441 1843  0411 1913  0411 1925  0435 1906  0508 1821  0541 1727  0615 1640  0653 1613  0713 1621
31  0659 1658             0528 1809             0411 1914             0436 1905  0509 1820             0617 1639             0713 1622

                                             Add one hour for daylight time, if and when in use.

Back to form <javascript:history.go(-1)>

